01003990000
01015981902
01015981903
01097990000
02270000100
04012980000
04013061017
04013113400
04013980500
04013980600
04013980700
04019002704
04019002906
04019004113
04019004118
04019004121
04019004125
04019005200
04019005300
04027980003
04027980004
04027980005
05119003205
06001990000
06013990000
06015990000
06017990000
06019005408
06019007901
06029004302
06029004601
06029004603
06029006002
06031001602
06031981800
06037137000
06037920200
06037980003
06037980020
06037990100
06037990200
06037990300
06041122000
06041990100
06045990100
06053010900
06059990100
06061990000
06065981000
06071012300
06073003800
06073009902
06073990100
06075980401
06075990100
06079011400
06079990000
06081984300
06081990100
06083980100
06083990000
06087990100
06095253000
06097990100
06109985202
06111980000
06111990100
08001988700
08014980100
08014980200
08014980300
08043980100
08043980200
08043980300
08059980000
08101000903
08101980100
08123000300
09001990000
09003980000
09011990100
09013538100
10001990000
10003980100
10003990100
10005990000
12005990000
12009980100
12009990000
12011990000
12015990000
12017990000
12021990000
12029990000
12031990000
12033990000
12035990000
12037990000
12037990100
12043990000
12045990000
12051990000
12053990000
12055980100
12057980100
12057980200
12057990000
12057990100
12061980000
12061990000
12065990000
12071980000
12071990000
12075990000
12081990000
12083980000
12083980100
12085990000
12085990100
12086009044
12086009046
12086980100
12086980600
12086980900
12086990000
12087980100
12087990000
12089990000
12091990100
12091990200
12093990000
12095990000
12099980000
12099980100
12099980200
12099980400
12099990000
12099990100
12101990000
12103990000
12103990100
12105980000
12107980000
12109990100
12109990200
12111990000
12113990000
12115990000
12119910900
12119980000
12123990000
12127990000
12129990000
12131990000
13029980000
13039990000
13051010605
13051990000
13089980000
13121980000
13127990000
13179990000
13183980000
13191980000
13191990000
15001990000
15001990100
15001990300
15001990400
15001990500
15001990600
15001990700
15001990800
15001990900
15001991000
15001991100
15001991200
15001991300
15001991400
15001991500
15001991600
15001991700
15003980000
15003980700
15003980800
15003981000
15003981200
15003990001
15005031900
15005990000
15007041200
15007990100
15007990200
15007990300
15009980000
15009990000
15009990200
15009991200
17097863006
17113000200
17197980000
18091990000
18127980002
18157010400
19193940200
20161980000
20209044602
20209044603
21029980100
21047980100
21061980100
21143980100
21221980100
21221980200
22019980000
22019980100
22023990000
22045990000
22051990000
22051990100
22057990000
22071980100
22071990000
22075990000
22087990000
22101990000
22103990000
22109990000
22113990000
23005990000
23009990000
23013990000
23015990000
23023990000
23029990000
23031990100
24003990000
24005980000
24005980100
24009990100
24017990000
24019990000
24029990000
24035990000
24035990100
24035990200
24037990000
24039990100
24041990000
24047980000
24047990000
25001990000
25005990000
25007990000
25009990100
25017980000
25019990000
25025980101
25025981201
25025981501
25025981600
25025981700
25025990101
26001990000
26003990000
26007990000
26011990000
26011990100
26013990100
26017990000
26019990000
26029990000
26031990000
26033980100
26033980200
26033980300
26033990000
26033990100
26041990000
26041990100
26053990000
26055990000
26061990000
26061990100
26065004490
26065004491
26065004492
26065004493
26065004494
26069990000
26083980100
26083990100
26089990000
26095980000
26095990000
26097990000
26101990000
26103990000
26105990000
26109990000
26115990000
26125981000
26127990000
26131990100
26153990000
26163985500
26163985600
26163985700
26163990100
26163990200
27031990000
27075990100
27123980000
27137990100
27163070801
28045990000
28047980000
28047990000
28059990000
28081980000
28143980000
29095980101
30067980600
30101980000
31109003500
31109003601
32005990000
32023980500
32031980200
32031990000
32031990100
32510990000
33015980011
33015990000
34001990000
34011010402
34029980000
34029980100
34031223900
34033990000
35043940300
36003940200
36005000100
36005016300
36005017100
36005024900
36005027600
36009940200
36027640001
36027640002
36029009110
36029990000
36039080800
36045990001
36047008600
36047015400
36047017700
36047066600
36047070203
36047107000
36047118000
36047990100
36053030101
36053030102
36053030103
36053030200
36053030300
36053030401
36053030402
36053030403
36053030600
36055003802
36059980100
36059981100
36059982100
36059990100
36059990200
36059990301
36059990302
36059990400
36061000100
36061021703
36061029700
36063940100
36065024700
36065024800
36065024900
36065980003
36081003700
36081009900
36081024600
36081029900
36081033100
36081060701
36081062400
36081065501
36081091602
36081107202
36081121100
36081138502
36081990100
36085015400
36085990100
36089491900
36103990100
36117990100
36119005600
37019990100
37031980100
37031990100
37031990200
37051003402
37051003404
37051980100
37051980200
37053990100
37055990100
37055990200
37063980100
37077970704
37087980100
37089980100
37093980100
37095990100
37095990200
37129980100
37129990100
37133990100
37137990100
37141990100
37173980200
37183980100
39035981100
39113980000
39129021300
40031002401
41007990000
41011990101
41015990101
41019990000
41039990000
41041990100
41045940000
41057990100
42003980300
42003980800
42003980900
42003981000
42017980000
42019910500
42027012200
42029310400
42045980000
42101980400
44005990000
44009990100
44009990200
45003980100
45013990100
45019990100
45027960202
45029990100
45043990100
45051990100
45053990100
45061920301
45089970802
45091060600
46113940500
46113940800
46113940900
47009980200
47029980100
47053980100
47125980100
47155980100
47161980100
47161980200
48007990000
48027980001
48027980002
48029980002
48029980005
48039990000
48041980000
48057990000
48061990000
48071710600
48071990000
48099010503
48167990000
48215980000
48245011202
48245011302
48245990000
48261990000
48273990000
48303980000
48309980000
48321990000
48355990000
48441012100
48453001606
48469980000
48479980000
48489990000
49035112818
49045980000
50007980000
51001980100
51001990100
51001990200
51013980100
51013980200
51053980100
51059980100
51059980200
51059980300
51103990100
51115990100
51119990100
51121020100
51131990100
51133990100
51153980100
51155980100
51155980200
51183870202
51199990100
51515050100
51650990100
51710980100
51710980300
51710990000
51735990100
51740980100
51810990100
53005012000
53009990100
53027990000
53029992201
53031990000
53033990100
53035990100
53049990100
53055990100
53057990100
53061990002
53061990100
53067990100
55009021100
55025991702
55029990000
55031990000
55051990000
55079980000
60010950100
60010950200
60010950300
60010950500
60010950600
60010950700
60010950900
60020951800
60030951900
60040952000
60050951000
60050951100
60050951201
60050951202
60050951203
60050951300
60050951500
60050951600
66010950100
66010950200
66010950300
66010950401
66010950402
66010950501
66010950502
66010950701
66010950702
66010950801
66010950802
66010950900
66010951000
66010951100
66010951600
66010951700
66010951800
66010951901
66010951902
66010952200
66010952300
66010952400
66010952700
66010952800
66010952900
66010953000
66010953101
66010953102
66010953200
66010953300
66010953400
66010953500
66010953600
66010953900
66010954000
66010954300
66010954400
66010954500
66010954700
66010954800
66010955100
66010955200
66010955300
66010955400
66010955600
66010955700
66010955800
66010955900
66010956000
66010956100
66010956200
66010956300
66010980100
66010980200
66010980300
66010980400
66010990000
69085950100
69100950100
69100990000
69110000100
69110000200
69110000300
69110000400
69110000500
69110000600
69110000700
69110000800
69110000900
69110001000
69110001100
69110001200
69110001300
69110001400
69110001500
69110001600
69110001700
69110990000
69120950101
69120950102
69120950200
69120990000
72001956700
72003990000
72005400700
72005990000
72011810400
72011990000
72013300302
72013300700
72013301000
72013301300
72013992900
72015991500
72017990000
72021030200
72021030300
72021030800
72021030903
72021030904
72021031004
72021031005
72021031032
72021031033
72021031114
72021031121
72021031122
72021031124
72021031201
72021031305
72021031501
72021031502
72021031621
72021031651
72023980000
72023990000
72025200303
72025200304
72025201300
72025201400
72025202100
72025202200
72025202300
72025202403
72027320100
72027990000
72029100103
72029100200
72031050105
72031050107
72031050111
72031050241
72031050311
72031050321
72031050331
72031050341
72031050401
72031050503
72031050803
72031050811
72031050812
72031050821
72031050822
72031050841
72031980003
72031990000
72033020425
72033020426
72033020500
72033980001
72033980002
72033980003
72033980004
72033980005
72033980006
72033980007
72033980008
72033990201
72035260201
72037990000
72049990501
72051990021
72053990103
72055961400
72055990000
72057270400
72057270800
72057992600
72059990001
72061040101
72061040303
72063210300
72063210503
72065310200
72065990016
72069991800
72071410300
72071990000
72075710400
72075990001
72079991100
72083959800
72087110303
72087110304
72087110400
72087110500
72087990000
72089140201
72089990001
72091990025
72093960200
72095951600
72095990000
72097080100
72097080200
72097080300
72097080400
72097080500
72097080600
72097081000
72097081200
72097081501
72097081522
72097082102
72097082103
72097082104
72097990000
72103990013
72109990000
72111990000
72113070100
72113070201
72113070202
72113070400
72113070513
72113070514
72113070522
72113071300
72113071402
72113071601
72113071602
72113071700
72113072102
72113072201
72113072300
72113072701
72113073003
72113073005
72113073006
72113073008
72113073009
72113073010
72113993000
72115990000
72117990400
72119130300
72119130500
72119992700
72123992800
72125840500
72127000700
72127001301
72127001302
72127001400
72127002300
72127002500
72127003400
72127003501
72127003600
72127004306
72127004600
72127004800
72127005101
72127005102
72127005214
72127005215
72127005402
72127005900
72127006000
72127006101
72127006600
72127007004
72127007100
72127007800
72127008201
72127008300
72127008400
72127008900
72127009000
72127980000
72127980101
72127980102
72127980103
72127980104
72127980105
72127980107
72127980108
72127980200
72127980300
72127990000
72129220300
72131009200
72131958900
72133990000
72135510300
72135510702
72137120300
72137120400
72137121001
72137121300
72137990000
72139060104
72139060212
72139060223
72143550400
72143990000
72145990000
72147990000
72151951000
72151951100
72151990000
72153750502
78010970100
78010970200
78010970300
78010970400
78010970500
78010970600
78010970700
78010970800
78010970900
78010971000
78010971100
78010971200
78010971300
78010971400
78010971500
78010990000
78020950100
78020950200
78020990000
78030960100
78030960200
78030960300
78030960400
78030960500
78030960600
78030960700
78030960800
78030960900
78030961000
78030961100
78030961200
78030990000
