02158000100
04005001702
04013040512
04013040513
04013040514
04013071503
04013071504
04013071702
04013615400
04013941200
04019002701
04019002903
04019410501
04019410502
04019410503
04019470400
04019470500
06037930401
08005015300
08005015500
08014002007
08014060800
08031086800
08059031100
08123031400
12085381900
13009480300
13021050302
13063070109
13207013409
17089890301
17111860807
17111864203
17111864204
17111864303
18019071005
19193970600
21021920102
21137930700
22023002000
22089071000
26055000100
26099551700
27109490400
29189107300
29189126900
29510213900
29510216900
29510217000
29510219600
30073000100
31121969100
34027052800
34031371503
36053940101
36053940102
36053940103
36053940200
36053940300
36053940401
36053940403
36053940600
36053940700
36059059200
36065940000
36065940100
36065940200
37001011101
37097040100
37097080100
37129920203
37159061302
37159061303
37179041601
39049755600
39083754700
41067007000
45011980100
46102940500
46102940800
46102940900
48055010907
48491001714
49049112821
50019957700
51003030200
51013470900
51015003500
51019050100
51041071001
51059300200
51059300500
51061020100
51107010300
51157020602
51161003000
51161003100
51187010300
51187930203
51199370200
51520010200
51620200400
51650032117
51660011400
51700010400
51700050305
51735050206
51770031102
51820070500
51820070600
55035960300
55053100800
55073950100
